0,547
0,546
0,545
0,544
0,543
0,542
0,541
42,3
42,2
0,540
42,1
42,0
0,539
0,538
33,73
41,35
33,4
33,7
33,75
33,6
33,5
33,1
33,69
33,3
3,2
3,1
3,3
10,8
10,22
10,64
10,2
10,3
11,17
11,18
11,2
11,3
9,4
9,6
9,2
9,3
8,11
8,9
8,10
8,13
8,12
20,3
20,2
20,1
19,3
19,2
19,1
12,3
12,2
12,1
11,30
11,29
11,28
11,27
11,26
11,25
11,24
11,23
11,22
11,21
11,1
10,317
10,316
10,315
10,314
10,313
10,312
10,311
10,310
10,309
10,308
10,307
10,306
10,305
10,304
10,303
18,1
18,3
10,302
10,301
10,300
10,299
10,298
10,297
10,296
10,295
10,294
10,293
10,292
10,291
10,290
10,289
10,288
10,287
10,286
10,285
10,284
10,283
10,282
10,281
10,280
10,279
10,278
10,277
10,276
10,275
10,274
10,273
10,272
10,271
14,1
14,4
14,3
13,1
13,3
10,270
10,269
10,268
10,267
10,266
10,265
10,264
10,263
10,262
10,261
10,260
10,259
10,258
10,257
10,256
10,255
10,254
10,253
10,252
10,251
10,250
10,249
10,248
10,247
10,246
10,245
10,244
10,243
10,242
10,241
10,240
10,239
10,238
10,237
10,236
